802 828 3589
2101
46400
42333
3635
2527
37215
9865
36600
41055
34189
33611
42496
16380
36218
12796
16577
8612
18173
27339
13486
2360
580
39491
13480
34280
22050
28677
42586
42851
25857
11175
11304
22258
3508
14940
41137
7075
24805
44090
14483
25346
27701
6979
8078
30272
36127
41007
38884
20652
34698
18722
23012
1631
8214
2845
35911
30264
47874
28497
39467
23731
6025
17123
12341
25885
32063
3479
32961
23220
47569
47444
14918
41622
20775
22996
21894
23254
30355
27130
43907
15054
12205
33271
16685
20419
36116
2596
17035
33990
47445
22854
24074
3470
39977
36415
45708
38393
6246
45021
27965
3815
8817
42884
11790
45944
32232
33684
19198
12588
27167
29457
27642
5724
12729
10679
26143
15197
13275
9530
15540
10720
48736
39614
30543
5065
42381
42603
43458
48628
37624
37776
2443
46441
30660
14233
42385
29244
14270
27935
41832
7789
7393
35826
13513
36474
46505
6008
1671
26132
31890
17211
3205
46978
23177
100
2043
15559
42703
11854
30539
30327
49630
32982
26768
46642
13568
35505
25886
44190
13440
34071
18331
20833
36249
48196
7307
49107
4204
25331
25239
2446
8894
44796
49424
32072
44896
17819
13983
37599
29673
44522
34278
29303
43856
27398
25945
23776
12903
18184
34318
26344
2255
2649
13529
38504
845
37189
3963
21401
12520
29203
40199
37766
40351
5975
36190
35248
23795
173
39199
19820
11047
39830
49124
4904
17228
41421
28680
46484
25957
29351
39180
28212
32000
2709
33069
49198
6250
37032
36951
35122
32587
27151
22889
39291
33126
9079
24539
23273
9253
30090
43094
36652
36272
8570
41556
19853
16343
36589
16337
42301
15940
5517
36865
14292
24578
19934
13490
30829
23319
442
15951
5906
43945
5192
45197
43423
14272
36088
33049
39877
32531
26143
26529
35155
1065
34438
5008
17408
21027
21345
9709
3319
43214
46575
17611
34145
32861
47454
31326
6180
14248
47277
28439
24545
18822
39988
17968
33094
42429
1017
39323
41312
43512
15852
26467
44577
16642
31476
11986
37669
19173
38047
7340
28740
974
41304
12885
33836
38758
44211
6368
19358
7840
1159
43903
43014
41148
11871
26108
49929
29241
31783
41241
22753
13988
34060
33683
30630
15536
12021
34652
1062
16420
41992
46154
17395
33296
25391
17583
38406
19602
23951
7764
43794
41463
1667
36809
32611
29891
29269
48892
25484
27405
40133
14589
41393
24193
48272
22023
6082
10293
6675
23496
26714
15020
19650
10461
14668
45041
28044
3075
30995
18347
10839
41141
26162
12507
44302
8773
8750
39924
7665
34234
17329
14150
48823
25074
4696
13448
13449
10778
40093
36477
34274
16807
1497
20276
43620
16165
15317
38016
19240
12664
22716
46432
3805
48878
25291
14460
24004
34041
4384
48021
34627
38065
12172
33450
13139
16868
46898
42940
43998
3344
29417
44624
36503
30914
14900
30124
13432
46569
18140
49024
25585
7208
45456
45742
6087
20747
10202
30091
21140
30938
44464
5767
35355
6636
5570
14846
39856
18820
7787
33854
22164
37204
44830
8668
18119
9730
38792
47903
22651
23284
46927
48236
30493
42384
43979
2932
29483
20533
49375
624
1472
43839
6391
3179
16828
11961
18026
6684
47134
25813
6891
19298
13017
1721
27966
47488
27804
33110
45391
455
6395
8671
15044
3240
1055
25375
22524
30538
45908
21899
47514
13732
32090
20258
16912
48918
32219
34938
5603
29353
10751
12494
15004
23768
30567
42970
37609
8371
26081
33000
25179
48828
41671
40223
18420
9078
15598
7296
5969
27858
29195
3483
41591
27637
23741
24855
26556
22313
9793
32159
18018
36896
11005
33022
10664
7924
42345
14625
16296
34778
47626
7827
49958
5649
48050
34730
14728
30000
42026
37049
7858
37573
6884
15801
15210
46978
40656
41766
19291
449
40277
3661
37345
17634
3036
14362
25559
11733
28987
8207
46511
42965
16034
12821
14967
30436
47551
46047
10436
39577
33096
34646
43502
39980
448
8712
36958
41104
16831
22601
7906
23460
42615
11603
7447
45651
25965
33006
7384
21305
7565
3895
30622
23599
33068
45589
4035
30619
41636
30823
36548
24732
15469
30050
31065
15917
5114
34375
23374
38297
6977
31280
11758
49592
9235
35557
11595
35201
18563
18979
22858
26128
39226
3480
16079
22294
15422
36466
19265
7058
17289
5813
48143
49110
35863
45560
31380
7329
29935
4754
45627
3264
2386
23737
2856
11621
9294
30803
13174
44209
49782
2384
36689
5360
22217
2768
44006
37639
5586
13271
44697
22875
19084
9192
38337
4947
4752
19717
28629
34688
40823
24256
37952
9561
14345
7161
37535
39991
37964
709
34200
4099
19446
37241
9459
41663
6361
3466
29302
11947
16737
40351
1174
2174
49544
39511
23473
4296
25581
2102
5336
16404
42710
9641
42318
23407
16802
29853
13398
21118
30562
13950
25217
8
1191
1029
8023
7552
20847
37325
19499
3936
27677
20673
6110
43573
26537
29584
14221
2118
48038
19558
34874
40749
29199
27192
14156
12353
7045
27555
33471
3960
41505
25041
20320
9049
42422
28344
16601
13269
15669
36101
33557
9698
23126
39668
3271
49663

