17
37
307638675 667720439 941359442 143349110 934320277 340865774 657485194 397751838 446240625 611585026 211112900 836546746 990602818 122042649 124835484 840278518 179173701 25671087 44216008 780402173 65810311 202229350 777201652 650765237 815728986 88121623 667371288 962019821 682920229 451674065 832730111 843075255 119394504 626605904 838940716 906231132 967471678 
60
156499322 413712302 960527287 220128573 102775400 951130104 194687573 227610883 643924973 373861274 253281969 688140980 6779798 171608631 890370329 783981449 674890220 558615666 872103072 342261507 373151839 407539652 646451924 58398301 250614907 618362779 685004204 89555622 377110262 652475881 291014235 533609583 918704535 251541521 753738156 21479934 55187976 948425728 101607168 699112949 174803353 354889136 239770280 181583150 379014119 982656961 965564599 53904338 393788978 837667670 248682196 766940816 97723673 895134119 825339116 348338579 513496897 362859672 290410553 890607159 
51
581424787 276733093 786556438 685482659 882987600 808036371 740670634 683929680 909643538 292299934 858733032 117049026 384586566 40316182 496063144 367243526 5880780 402483833 761032503 696064801 651166028 380489671 793788473 546300147 58345138 994643404 912313395 421204809 137570308 655436905 289056713 718995094 932169998 75613150 256994104 667673949 736165873 997664737 351603628 498325762 142481023 62853012 467891139 527067588 103169193 963954282 746827465 961566324 218954466 360376319 510147476 
93
740865989 156452300 268936992 651727479 151095703 181250386 72932287 288666010 836687291 214505351 860177455 621373640 142634853 117171558 141563940 731317077 967352647 493167568 82159190 109833669 556020579 550050329 489417608 511706123 366520962 88761424 473272446 585475428 449137742 983419921 455595921 42520083 139872220 724532912 694247561 143484275 758299649 619696199 284666636 447503291 834201550 144844091 68876930 829352754 114532000 62957222 560669830 81884646 556124789 642829019 44234666 964661719 45395699 386168625 476367841 411916661 474930048 802156638 997392088 924067790 638092910 305504360 966587872 630481481 30037271 660835432 773965755 640853271 133047982 58632391 88356562 967249531 55992833 9749843 649118636 170524832 72707064 62304817 104925830 481348204 705133836 149160495 446009922 750529534 535329120 774894114 14962546 10259167 577050751 12354633 786843308 67660012 317858992 
78
698141493 200412614 266782962 324623599 841265885 399830944 235772341 782138798 219596826 291765173 791888640 868715462 314806357 717112056 931020278 419732186 198460259 488670465 568892680 496986533 91716351 956738151 271880646 106678896 819513670 701447749 119033529 606356977 769107760 289408872 212304508 467249252 342337838 331603821 791872851 36120074 731434764 27645191 818258871 803547942 171926716 462663862 524779755 486733072 179775917 308316384 906465257 230752528 796986849 327874288 727739060 741219551 137128791 999619705 847898446 956642460 553583805 819448326 415515788 322691565 961373550 627820295 642457168 303711387 959424116 286846370 339831460 543375231 167007913 10606682 199439524 338934628 473270543 724219278 678184051 653046460 32535662 437165659 
86
682038862 765039946 464054398 423258412 902168736 316190454 123673209 711327547 869774259 795637887 126843335 44982175 757011436 607179981 687439342 913239174 419120448 974285712 105586985 962495679 141293624 116193666 14451554 332744603 589464208 738670832 10928653 95027019 771206493 448094311 978826005 305761706 65650608 295396754 729020117 820335696 611587208 705209677 531663242 481361466 500847563 511022928 526343640 110375350 118202909 66299333 23614523 537323356 40585044 129201507 352335386 34395019 97911524 366786940 367139621 687375732 105457771 378068273 782402750 729180615 678678935 613745107 34942320 744329543 909141860 616478788 417181590 520729067 174204816 948844831 854606884 675052379 312384111 233466875 637944080 430587019 299766208 514074955 820426726 340351251 495792813 25278464 374746270 593704337 392065403 741885890 
67
350039525 972470515 63482817 931736491 651149449 529744275 819195162 247995343 438886135 288190301 665176932 812131553 462395116 466538115 666738437 137447494 778922225 900205311 627907926 62025595 52487870 141982880 882452320 392839121 637775692 907730783 620101742 83996380 152312537 214503983 365076447 354868413 186974497 281075616 286604903 690640298 810819890 105800064 938635640 102222376 246506716 456328924 914353929 708901832 775383390 433608717 698865677 406821966 186330379 326773602 468847560 238818249 321272833 203816231 484173721 959048525 964063366 104275462 43044904 116375902 318779444 260637703 323760667 358270293 394229670 610365569 48910590 
10
568681985 840062581 159788287 815188700 148907856 926658567 376606883 924291245 212783635 75472560 
9
399114013 254762513 652477121 490448613 576035346 856293352 974622333 387600222 672873069 
93
283161477 641765322 250193590 543799179 965525988 608463882 938028848 428407909 509890823 995594759 997089893 349953403 7899397 664794944 498861259 934557963 41401827 275668855 147341597 969390738 606782065 398971961 224153250 111775537 889420574 800188595 968068888 716559258 40305168 493458308 647973404 323466645 135223630 898166993 867265823 100749617 359147226 657811023 381673877 869038048 505922133 231280121 71507802 366337881 896075065 422885412 153412195 789993243 698554267 153270143 611900332 157852683 552242103 836053581 269628219 294179028 488758528 90213459 10738286 529063695 583671766 511228041 852530339 718895395 261911385 572312514 672161364 621058610 82639888 53835240 342613009 441078372 137631713 266637162 807416252 33706777 689522574 960828446 676216371 388076840 114098588 140633054 545929522 518857042 976686634 815557740 813036070 317961513 905771198 676290707 699541560 341959316 40035099 
49
60854710 301946483 976900763 585532425 923005092 912057002 491884017 118134452 353135373 629515729 384771613 13067976 515738857 74294186 973896421 44471579 314887377 87995008 185104632 713333250 459368402 14307617 381407342 124920823 184785482 139694891 801211529 884327041 481654206 841246627 288915290 395025268 143193109 118332405 980557692 918714552 30389406 324958060 889365355 236041131 806990140 126653319 249109106 175245348 53463857 75521879 219716926 368351233 16033238 
8
81684483 475401639 271645526 315608176 600322461 456431007 455303066 254050341 
98
936957272 95296967 482189688 331982539 91006427 453038444 165056582 862237330 335944202 342530994 604119036 571985332 149521133 730772355 673610789 324766481 784236211 749132667 396999758 5103795 765165905 654337667 86788277 240567543 925983192 254912804 840890004 234930550 710215870 94940344 428204948 647173141 42753663 762910987 831672031 986276441 215949431 996728612 701030123 551893632 191775957 157665510 976395315 341297090 888437864 650006103 518579922 672674074 251655122 915579679 677777869 16821026 569917345 617082497 109904920 348416888 871995301 950794923 435863789 434727522 898251619 864068736 81900662 793521633 479496075 766089044 632314425 695445505 615334007 185860899 99855488 807109964 343526409 76250802 923405 84480624 578773256 519503326 757154698 830428377 435083004 287448918 699765754 857516701 757047766 809670674 58449940 481559418 612981948 494313729 916286939 363749918 210898816 850703952 9787902 690394890 616792995 642102327 
45
84643354 680479577 338212233 891753317 24005985 266979386 892676721 108486609 698268994 412180046 718157658 381213722 699779401 858122927 80979476 557296101 615170692 890650149 615746041 96730110 356148448 110059769 865533400 719898366 173474936 716237352 729686267 863869826 185546698 224304945 102226571 270190051 904784522 292955156 14459719 781306858 559934541 907136439 742309818 110719886 171832836 312983827 491933608 871612237 171106753 
82
281424689 638793797 316079583 897170729 588040258 672228030 859746849 453573657 244642747 33221785 22327360 974329014 749607962 60390410 198633958 851834532 330580460 103418479 144789687 345040179 737241689 557240580 104692969 479551506 667960465 276525805 792535333 12410424 148138041 816158437 585323506 429562729 454952233 753919440 179249810 42992490 278663822 891513010 349082499 523306568 777251146 223926210 497635581 526859107 284316619 548785891 231209991 614897079 504720721 228516029 812453609 241962409 638272960 917146577 574030267 158749777 193672381 219081951 171160200 194326773 35240387 756483706 623889502 342708972 362919497 655655663 238217813 641583318 547168672 587300311 164889886 176936170 811226521 515041818 703795276 95543139 63827708 787521618 562956569 568548429 16037647 227926529 
88
506826958 145073106 237057455 665576734 191261838 456139405 836736934 385588611 343896144 445736991 9478112 686605115 808656487 517650126 924822927 450239805 64818797 364639590 467646042 94271318 28382462 982687859 798066594 123925600 46515567 438104563 539398521 467580347 306658561 767325049 130607535 813485519 764914506 220181342 479062252 956176344 528837098 168315537 341764954 872733241 614052527 203759417 559338355 422709014 721409542 336677634 725465170 638744690 701317223 193111211 733016008 729699684 28315421 383598953 706141635 74830987 821703515 98056507 394927685 128362076 865381556 378051572 794363946 482812413 450749265 125942549 438988756 979586362 294258086 633270061 852319603 908310612 837029477 264174309 183535977 410955370 600851942 909001146 902216412 154685516 102112356 487748771 884385199 130427777 871347723 590526834 57775115 545567589 
39
305219152 526446016 406481247 535787075 173326313 889293660 986536339 299268862 180798767 966122700 593526947 814068828 670958654 501837558 503614656 787649315 685373535 767086378 241017608 446891032 669302789 395703124 401519740 9567911 280088322 384463868 880915633 723131507 294755334 278999573 264231199 599974485 657961941 670712445 135761559 831288253 412522456 974814249 130557114 
