100
228641049 2
419968582 2
223884405 2
210860698 2
928623582 2
720441718 2
528318405 2
305993092 2
179893874 2
801381549 2
293127153 2
630508840 2
748360545 2
201571776 2
366075773 2
647929745 2
143272352 2
699133451 2
166832824 2
958512330 2
883629740 2
235249446 2
204717441 2
307025803 2
336839007 2
531440435 2
948938005 2
249485108 2
153060629 2
625228622 2
147188490 2
281701679 2
945197204 2
823589247 2
945078729 2
526337139 2
196547318 2
473397134 2
732330231 2
276441192 2
827295035 2
925457385 2
806950033 2
575655581 2
127029161 2
725542158 2
223585326 2
722817866 2
424675610 2
842934503 2
681330196 2
860821702 2
978183949 2
786047638 2
167847505 2
315022956 2
870004425 2
669301862 2
117024417 2
923065054 2
294530485 2
716729259 2
204766733 2
239727689 2
192834858 2
702361814 2
318581180 2
289382176 2
175758948 2
950911412 2
465823369 2
555570336 2
876368797 2
825289754 2
131225917 2
555914310 2
203348264 2
807327595 2
278732176 2
180540226 2
302778450 2
512578725 2
941361928 2
833478751 2
851142715 2
661725786 2
701018060 2
721147140 2
331027648 2
718042477 2
296728546 2
178074485 2
434771736 2
401495280 2
317802175 2
180122946 2
656373446 2
188899707 2
369505123 2
384648747 2
